0.6675378084182739 
0.42847317457199097 
0.49904102087020874 
0.5123695135116577 
0.5236222743988037 
0.5150795578956604 
0.5055537819862366 
0.49398645758628845 
0.5936509966850281 
0.4380364418029785 
0.5751023888587952 
0.4218948781490326 
0.5614283084869385 
0.41582250595092773 
0.509443461894989 
0.39785057306289673 
0.46393901109695435 
0.3445800840854645 
0.4051205515861511 
0.42979153990745544 
0.4242965579032898 
0.3949178159236908 
0.4310828149318695 
0.371285617351532 
0.43112772703170776 
0.3343762457370758 
0.4090215265750885 
0.36403611302375793 
0.374333918094635 
0.32723841071128845 
0.3775305151939392 
0.3289561867713928 
0.3936965763568878 
0.3380025625228882 
0.3746294677257538 
0.2816893458366394 
0.304742693901062 
0.4155452847480774 
0.2998128831386566 
0.29881519079208374 
0.30777832865715027 
0.27825865149497986 
0.33885324001312256 
0.2611289918422699 
0.2986389696598053 
0.24292461574077606 
0.2866341471672058 
0.24630174040794373 
0.2735472321510315 
0.3046942353248596 
0.3522043824195862 
0.2855452001094818 
0.31497111916542053 
0.37582218647003174 
0.2948474884033203 
0.25416043400764465 
0.2891693711280823 
0.27665141224861145 
0.25387412309646606 
0.2838040292263031 
0.2706602215766907 
0.2821871042251587 
0.2676309049129486 
0.24788865447044373 
0.2627788484096527 
0.228833869099617 
0.25071388483047485 
0.23629386723041534 
0.2586614191532135 
0.3222035765647888 
0.2857077419757843 
0.2429400235414505 
0.27538448572158813 
0.2691229283809662 
0.2770541310310364 
0.22058311104774475 
0.23160751163959503 
0.24958276748657227 
0.24913863837718964 
0.23612980544567108 
0.20095042884349823 
0.25454017519950867 
0.21505650877952576 
0.2796410620212555 
0.2140292376279831 
0.20812669396400452 
0.2256915271282196 
0.17133769392967224 
0.22924260795116425 
0.19279290735721588 
0.2286805659532547 
0.2277134656906128 
0.23218278586864471 
0.2044941633939743 
0.24169130623340607 
0.29265546798706055 
0.21943756937980652 
0.23877951502799988 
0.21414229273796082 
0.15441498160362244 
0.23333024978637695 
0.19004949927330017 
0.205413818359375 
0.2937520146369934 
0.2551642060279846 
0.1869252324104309 
0.16937512159347534 
0.17876634001731873 
0.16135790944099426 
0.16542436182498932 
0.1717703640460968 
0.17099376022815704 
0.15330174565315247 
0.140009805560112 
0.13953270018100739 
0.1498188078403473 
0.16560547053813934 
0.14573201537132263 
0.16934698820114136 
0.1685222089290619 
0.1251305490732193 
0.17641612887382507 
0.17722977697849274 
0.1634916067123413 
0.12629434466362 
0.16295361518859863 
0.13624155521392822 
0.17341391742229462 
0.10901232063770294 
0.14129388332366943 
0.099605992436409 
0.1423022598028183 
0.12767541408538818 
0.1436813920736313 
0.08706101030111313 
0.14640983939170837 
0.15725235641002655 
0.1260910928249359 
0.12820294499397278 
0.13568490743637085 
0.11318238824605942 
0.18148472905158997 
0.10055790841579437 
0.1387057602405548 
0.1199641227722168 
0.15843792259693146 
0.14194625616073608 
0.09316641837358475 
0.14200659096240997 
0.11440682411193848 
0.14197978377342224 
0.10934070497751236 
0.12136255204677582 
0.08405708521604538 
0.12075358629226685 
0.09855087101459503 
0.12413959205150604 
0.11323223263025284 
0.14175167679786682 
0.12059177458286285 
0.13571660220623016 
0.11536548286676407 
0.11186977475881577 
0.121312715113163 
0.1352469027042389 
0.12487152963876724 
0.14861167967319489 
0.1347646415233612 
0.1463966965675354 
0.12880775332450867 
0.10314762592315674 
0.1270201951265335 
0.11705352365970612 
0.12539395689964294 
0.10011271387338638 
0.12006925046443939 
0.10460176318883896 
0.1150418072938919 
0.11799643188714981 
0.12803825736045837 
0.11757421493530273 
0.1289082020521164 
0.13689199090003967 
0.11127801239490509 
0.09461968392133713 
0.13260255753993988 
0.10683505237102509 
0.1373881846666336 
0.11948330700397491 
0.13372167944908142 
0.09225289523601532 
0.12102985382080078 
0.10233534872531891 
0.12563379108905792 
0.11315836012363434 
0.12490475177764893 
0.11028598248958588 
0.10133683681488037 
0.0920148715376854 
0.1364717036485672 
0.1011132225394249 
0.12241588532924652 
0.07366574555635452 
0.1159384623169899 
0.07680138945579529 
0.0891295075416565 
0.09204480051994324 
0.10122046619653702 
0.09893877804279327 
0.09149666875600815 
0.10541560500860214 
0.1126326322555542 
0.11095324903726578 
0.09999802708625793 
0.09636707603931427 
0.1141773909330368 
0.09445599466562271 
0.10902179777622223 
0.0956370010972023 
0.12520910799503326 
0.12203951179981232 
0.09948579967021942 
0.10355982929468155 
0.11027713119983673 
0.12022396177053452 
0.11865289509296417 
0.11382949352264404 
0.124585822224617 
0.1199001893401146 
0.1070016622543335 
0.10044179111719131 
0.10972597450017929 
0.1126587763428688 
0.10633447021245956 
0.1020350232720375 
0.13068482279777527 
0.08003164827823639 
0.10868027061223984 
0.11672748625278473 
0.12484221160411835 
0.07543885707855225 
0.1437808871269226 
0.07357682287693024 
0.11073733866214752 
0.08171223104000092 
0.11477440595626831 
0.09670168161392212 
0.12236551940441132 
0.08771347254514694 
0.0726892501115799 
0.10816608369350433 
0.07868475466966629 
0.1136275976896286 
0.09794565290212631 
0.09732848405838013 
0.1040283814072609 
0.08603908121585846 
0.10440091043710709 
0.09165075421333313 
0.09421741962432861 
0.08448950946331024 
0.10111632198095322 
0.0893576368689537 
0.11007537692785263 
0.09268856048583984 
0.10479706525802612 
0.10326262563467026 
0.11334925889968872 
0.06858827918767929 
0.1057618111371994 
0.07686924189329147 
0.12810949981212616 
0.0733032375574112 
0.09052149951457977 
0.08662309497594833 
0.085860475897789 
0.09154105186462402 
0.10124127566814423 
0.088003009557724 
0.08635671436786652 
0.07776736468076706 
0.09249016642570496 
0.09462863206863403 
0.0964401513338089 
0.10048277676105499 
0.06328164041042328 
0.1043887510895729 
0.08426354825496674 
0.09444115310907364 
0.1071852296590805 
0.083001509308815 
0.07547811418771744 
0.0858759731054306 
0.07830417156219482 
0.11893849074840546 
0.07860241085290909 
0.10095661878585815 
0.08341993391513824 
0.10554978996515274 
0.07423324137926102 
0.08796646445989609 
0.08718175441026688 
0.1180223673582077 
0.0796801894903183 
0.08234383910894394 
0.0886959582567215 
0.10086395591497421 
0.08519953489303589 
0.10152964293956757 
0.1175897866487503 
0.07151076197624207 
0.09016953408718109 
0.10192219913005829 
0.09447499364614487 
0.10068978369235992 
0.07402779906988144 
0.08361927419900894 
0.10298540443181992 
0.11135228723287582 
0.10147906839847565 
0.06576061248779297 
0.09555037319660187 
0.07955880463123322 
0.0917411670088768 
0.08856086432933807 
0.10109309107065201 
0.09329084306955338 
0.0761716365814209 
0.089262954890728 
0.07663731276988983 
0.08971214294433594 
0.08783944696187973 
0.12974674999713898 
0.11755828559398651 
0.11353765428066254 
0.08096031844615936 
0.07759501785039902 
0.12695829570293427 
0.08640512079000473 
0.10245975106954575 
0.12295782566070557 
0.08028790354728699 
0.09799899160861969 
0.09126963466405869 
0.0928131714463234 
0.07986722886562347 
0.07729919254779816 
0.11523360013961792 
0.08434905856847763 
0.09524571150541306 
0.10166393220424652 
0.09072016179561615 
0.10815200954675674 
0.0957995057106018 
0.088096484541893 
0.10081957280635834 
0.09114374965429306 
0.1079661026597023 
0.07655518501996994 
0.10687778890132904 
0.12104950100183487 
0.08867402374744415 
0.09431241452693939 
0.08780961483716965 
0.0853346735239029 
0.07693006843328476 
0.08503241837024689 
0.07362555712461472 
0.08008354902267456 
0.07502896338701248 
0.09777726233005524 
0.10892786085605621 
0.09684363752603531 
0.07063610851764679 
0.09917746484279633 
0.07608098536729813 
0.10241297632455826 
0.10009938478469849 
0.09621622413396835 
0.08921691030263901 
0.09633426368236542 
0.0777832493185997 
0.0880274623632431 
0.06154788285493851 
0.10924889892339706 
0.08388442546129227 
0.10108981281518936 
0.07192161679267883 
0.08544190227985382 
0.07086555659770966 
0.10387004911899567 
0.1208932176232338 
0.0853794664144516 
0.08324789255857468 
0.11482100188732147 
0.09129498153924942 
0.14055606722831726 
0.07289522886276245 
0.10544140636920929 
0.07321230322122574 
0.13995422422885895 
0.08203508704900742 
0.12920626997947693 
0.08484872430562973 
0.11393968760967255 
0.10840751975774765 
0.09716300666332245 
0.09049533307552338 
0.10034094750881195 
0.07123017311096191 
0.07938987761735916 
0.1318541020154953 
0.08716729283332825 
0.0925792008638382 
0.10546742379665375 
0.07558024674654007 
0.08643194288015366 
0.0706644207239151 
0.08798503875732422 
0.11346843093633652 
0.09532076120376587 
0.0907898098230362 
0.08802398294210434 
0.09573520720005035 
0.13138094544410706 
0.07647547125816345 
0.09628719091415405 
0.06478037685155869 
0.12916485965251923 
0.09699753671884537 
0.1165318638086319 
0.14402024447917938 
0.10695479065179825 
0.08790837973356247 
0.10617518424987793 
0.089288130402565 
0.06836922466754913 
0.09828875213861465 
0.07837215811014175 
0.09233196079730988 
0.09574172645807266 
0.10668249428272247 
0.09631762653589249 
0.10200194269418716 
0.09830360114574432 
0.07382941246032715 
0.07715946435928345 
0.08219827711582184 
0.10728611797094345 
0.07886502891778946 
0.10100539028644562 
0.12356159836053848 
0.08366291224956512 
0.13232006132602692 
0.11303351074457169 
0.08846382796764374 
0.08506496250629425 
0.09761460870504379 
0.06539683043956757 
0.08930924534797668 
0.055089615285396576 
0.09602997452020645 
0.07581806182861328 
0.11189992725849152 
0.06715661287307739 
0.10391278564929962 
0.09128949791193008 
0.10616697371006012 
0.11075391620397568 
0.10693296045064926 
0.11804727464914322 
0.09707652777433395 
0.10054099559783936 
0.09752340614795685 
0.0834961086511612 
0.11083867400884628 
0.09923802316188812 
0.1006724089384079 
0.062163036316633224 
0.09743040800094604 
0.08891171216964722 
0.07938963174819946 
0.08707745373249054 
0.11414729058742523 
0.09691128879785538 
0.1011345162987709 
0.10554760694503784 
0.09340950101613998 
0.13704514503479004 
0.06062401086091995 
0.0850604698061943 
0.08505718410015106 
0.10232536494731903 
0.09035243093967438 
0.11656375974416733 
0.08413226157426834 
0.09885726124048233 
0.08211518824100494 
0.07652135193347931 
0.0901791900396347 
0.0937323197722435 
0.10810816287994385 
0.09026747196912766 
0.10543855279684067 
0.08187831938266754 
0.0713791698217392 
0.08907497674226761 
0.12894873321056366 
0.09004497528076172 
0.08005160093307495 
0.06263075768947601 
0.08820405602455139 
0.10858074575662613 
0.08875806629657745 
0.14143596589565277 
0.09662386775016785 
0.0995480939745903 
0.13299310207366943 
0.11329766362905502 
0.11672595888376236 
0.06121248006820679 
0.10817480087280273 
0.0695970356464386 
0.08377376198768616 
0.09607405960559845 
0.0893818587064743 
0.132558673620224 
0.1043744832277298 
0.09549309313297272 
0.07791633903980255 
0.10584068298339844 
0.10472581535577774 
0.09469696134328842 
0.10609178245067596 
0.07927455008029938 
0.08029602468013763 
0.06029326468706131 
0.15096604824066162 
0.0720464289188385 
0.08397334069013596 
0.0910804271697998 
0.10044586658477783 
0.08665325492620468 
0.08540292084217072 
0.06637804210186005 
0.09620563685894012 
0.08237288892269135 
0.09967951476573944 
0.07718311250209808 
0.07858481258153915 
0.09693370759487152 
0.0924195796251297 
0.11326409876346588 
0.10582642257213593 
0.10261575132608414 
0.1130535826086998 
0.060016047209501266 
0.10150976479053497 
0.07669133692979813 
0.0913078635931015 
0.08531448990106583 
0.11416870355606079 
0.09283559024333954 
0.08866985142230988 
0.08626148849725723 
0.07996656745672226 
0.06447922438383102 
0.12231601774692535 
0.07205284386873245 
0.09378491342067719 
0.10571112483739853 
0.10615037381649017 
0.06839544326066971 
0.09484859555959702 
0.08662554621696472 
0.1388581097126007 
0.09878358244895935 
0.09707865864038467 
0.0662088468670845 
0.07978253066539764 
0.08531899005174637 
0.12514527142047882 
0.16254068911075592 
0.11111577600240707 
0.1400001049041748 
0.08541684597730637 
0.08487343043088913 
0.07393266260623932 
0.08813275396823883 
0.09627266228199005 
0.08444079011678696 
0.1251526027917862 
0.075095996260643 
0.11403733491897583 
0.15119202435016632 
0.09178142249584198 
0.08152864128351212 
0.09119824320077896 
0.08139083534479141 
0.07937777042388916 
0.08833706378936768 
0.11246787011623383 
0.058311812579631805 
0.08533327281475067 
0.08425846695899963 
0.08277257531881332 
0.07639776915311813 
0.11315188556909561 
0.07037022709846497 
0.11260312795639038 
0.07600245624780655 
0.10952112823724747 
0.08766945451498032 
0.08147642016410828 
0.09570734202861786 
0.0875258818268776 
0.08754714578390121 
0.09340766817331314 
0.07658202201128006 
0.08713525533676147 
0.07587562501430511 
0.08723342418670654 
0.06297538429498672 
0.10802803188562393 
0.06469686329364777 
0.11479614675045013 
0.14347484707832336 
0.07686559110879898 
0.10981644690036774 
0.06716345250606537 
0.10061784088611603 
0.07390505075454712 
0.07647281140089035 
0.08024223893880844 
0.07765045762062073 
0.06650513410568237 
0.19257661700248718 
0.08663107454776764 
0.07356618344783783 
0.1094946414232254 
0.12594760954380035 
0.0892937034368515 
0.08383525907993317 
0.13477519154548645 
0.09499672800302505 
0.12071774899959564 
0.10160652548074722 
0.08920695632696152 
0.09136366844177246 
0.06780409812927246 
0.12657979130744934 
0.15115368366241455 
0.20248663425445557 
0.07880429923534393 
0.13458797335624695 
0.10262193530797958 
0.13579902052879333 
0.09059098362922668 
0.10226602852344513 
0.10598965734243393 
0.10754804313182831 
0.14636528491973877 
0.08315251767635345 
0.10721005499362946 
0.16060619056224823 
0.1149614080786705 
0.15386424958705902 
0.11919976770877838 
0.11631874740123749 
0.11227822303771973 
0.1035623773932457 
0.1588144302368164 
0.1070220097899437 
0.13430936634540558 
0.11171193420886993 
0.1389525681734085 
0.1527310311794281 
0.12975797057151794 
0.17156746983528137 
0.15625089406967163 
0.14565017819404602 
0.12123372405767441 
0.14532409608364105 
0.16080303490161896 
0.13711640238761902 
0.13343599438667297 
0.1623598039150238 
0.11687929928302765 
0.16441406309604645 
0.1046023964881897 
0.20013514161109924 
0.1479618400335312 
0.1387915313243866 
0.14115095138549805 
0.1400153934955597 
0.10845327377319336 
0.1297033131122589 
0.15333163738250732 
0.17822028696537018 
0.19171689450740814 
0.15139023959636688 
0.14161065220832825 
0.16671276092529297 
0.13618414103984833 
0.17390307784080505 
0.13268925249576569 
0.16662418842315674 
0.15492597222328186 
0.1382514089345932 
0.14295586943626404 
0.12544149160385132 
0.1467617303133011 
0.16622380912303925 
0.18469980359077454 
0.1264919936656952 
0.1379571259021759 
0.16135045886039734 
0.14670555293560028 
0.1553763598203659 
0.12069803476333618 
0.12956863641738892 
0.13914638757705688 
0.1438433974981308 
0.12735557556152344 
0.1291097104549408 
0.17904441058635712 
0.1618151217699051 
0.18051888048648834 
0.1143520325422287 
0.1780041754245758 
0.11839845031499863 
0.16499415040016174 
0.12042462825775146 
0.17849238216876984 
0.11933877319097519 
0.18424203991889954 
0.13073351979255676 
0.13786780834197998 
0.12067471444606781 
0.14585871994495392 
0.15431970357894897 
0.12527506053447723 
0.10850691795349121 
0.15610340237617493 
0.13926348090171814 
0.14577965438365936 
0.11533193290233612 
0.12778225541114807 
0.11898666620254517 
0.13664758205413818 
0.11135236918926239 
0.13542820513248444 
0.1592033952474594 
0.13740307092666626 
0.09981793165206909 
0.13679249584674835 
0.12362710386514664 
0.15713103115558624 
0.12344829738140106 
0.16367459297180176 
0.13637985289096832 
0.13846465945243835 
0.10853292793035507 
0.12624460458755493 
0.13797950744628906 
0.1072675958275795 
0.11865611374378204 
0.12072756141424179 
0.1104387491941452 
0.15684357285499573 
0.12311726808547974 
0.11764924228191376 
0.1362229734659195 
0.11113347113132477 
0.10398717224597931 
0.12338483333587646 
0.10235752910375595 
0.1270003467798233 
0.09165807068347931 
0.1418205350637436 
0.09498286992311478 
0.12564770877361298 
0.11627469956874847 
0.17251671850681305 
0.13190820813179016 
0.11020742356777191 
0.1353415697813034 
0.13713912665843964 
0.12858709692955017 
0.1338784545660019 
0.15560908615589142 
0.1812269389629364 
0.10559193789958954 
0.1079869270324707 
0.13674519956111908 
0.12750017642974854 
0.1201854944229126 
0.12434418499469757 
0.15306253731250763 
0.10169746726751328 
0.13644269108772278 
0.12498966604471207 
0.10170117765665054 
0.11949263513088226 
0.12205096334218979 
0.11879862844944 
0.12519744038581848 
0.09913270175457001 
0.1440642774105072 
0.15508690476417542 
0.1130070835351944 
0.12230117619037628 
0.1434956043958664 
0.12160982191562653 
0.14789049327373505 
0.10226745903491974 
0.12336225807666779 
0.14803726971149445 
0.14610232412815094 
0.14884540438652039 
0.12953177094459534 
0.13910385966300964 
0.14792697131633759 
0.10205648094415665 
0.12986025214195251 
0.11169658601284027 
0.08248858153820038 
0.10524716228246689 
0.08444207906723022 
0.1186438649892807 
0.12859685719013214 
0.08361237496137619 
0.13504615426063538 
0.11053410917520523 
0.11671258509159088 
0.09302578866481781 
0.1322445571422577 
0.08462149649858475 
0.09949000179767609 
0.10443000495433807 
0.09991679340600967 
0.09453990310430527 
0.10921388864517212 
0.09475581347942352 
0.11021586507558823 
0.0922606810927391 
0.16793052852153778 
0.10965417325496674 
0.12828394770622253 
0.11472149938344955 
0.14221017062664032 
0.1102147325873375 
0.1155802458524704 
0.14942681789398193 
0.1386781632900238 
0.15229755640029907 
0.13093259930610657 
0.1223834976553917 
0.10123039782047272 
0.13113749027252197 
0.12536559998989105 
0.11388518661260605 
0.10611565411090851 
0.11060714721679688 
0.10950078070163727 
0.10139234364032745 
0.13597580790519714 
0.12070570141077042 
0.09871699661016464 
0.1425468921661377 
0.08847866952419281 
0.11505357176065445 
0.09134779870510101 
0.1139531135559082 
0.10507774353027344 
0.12969473004341125 
0.1500651240348816 
0.11803533136844635 
0.09636124223470688 
0.11110888421535492 
0.11378387361764908 
0.12035560607910156 
0.12003090232610703 
0.11917771399021149 
0.07974366843700409 
0.10067622363567352 
0.1257677525281906 
0.07693755626678467 
0.14212366938591003 
0.11055226624011993 
0.07887481153011322 
0.12132958322763443 
0.08676199615001678 
0.09951680153608322 
0.11927636712789536 
0.12522989511489868 
0.11087832599878311 
0.0740831270813942 
0.12628240883350372 
0.08634574711322784 
0.12333186715841293 
0.2418576031923294 
0.12812326848506927 
0.17358747124671936 
0.13892047107219696 
0.08761285990476608 
0.13895313441753387 
0.10242313146591187 
0.08034393191337585 
0.08312766253948212 
0.11239546537399292 
0.10121773183345795 
0.11465020477771759 
0.10643702745437622 
0.12538465857505798 
0.07648565620183945 
0.10438571870326996 
0.08729641884565353 
0.10536496341228485 
0.10820452868938446 
0.08713353425264359 
0.10694515705108643 
0.10342977195978165 
0.11939267069101334 
0.09775722026824951 
0.10400049388408661 
0.10817025601863861 
0.1038939505815506 
0.12449972331523895 
0.0976092740893364 
0.12330857664346695 
0.07636956125497818 
0.10680510103702545 
0.08886219561100006 
0.06266362965106964 
0.20397531986236572 
0.10860862582921982 
0.09752251207828522 
0.07467864453792572 
0.08847112208604813 
0.09018804877996445 
0.11316244304180145 
0.09616587311029434 
0.08613370358943939 
0.08628871291875839 
0.08065862953662872 
0.08906789869070053 
0.07394498586654663 
0.0966762974858284 
0.08054355531930923 
0.11072540283203125 
0.10615638643503189 
0.09644045680761337 
0.09909005463123322 
0.09630271047353745 
0.09987390041351318 
0.07791177928447723 
0.10327927768230438 
0.10913242399692535 
0.11510966718196869 
0.08388642221689224 
0.1029730886220932 
0.103446364402771 
0.12419067323207855 
0.0707743763923645 
0.12899944186210632 
0.09249252080917358 
0.12851326167583466 
0.09926142543554306 
0.08756709843873978 
0.10456760972738266 
0.08432312309741974 
0.12708941102027893 
0.11586294323205948 
0.10925223678350449 
0.09696309268474579 
0.13340923190116882 
0.058905649930238724 
0.08966036885976791 
0.1358582079410553 
0.09047446399927139 
0.12859757244586945 
0.09962530434131622 
0.0598483607172966 
0.08041848242282867 
0.09690054506063461 
0.11298378556966782 
0.12466490268707275 
0.09751160442829132 
0.09231240302324295 
0.128092423081398 
0.08849550783634186 
0.09321226179599762 
0.12135308980941772 
0.09261409938335419 
0.09625664353370667 
0.09944047033786774 
0.08452360332012177 
0.0742291659116745 
0.08541892468929291 
0.1293962448835373 
0.08499737083911896 
0.07263816893100739 
0.07651759684085846 
0.11267228424549103 
0.08734637498855591 
0.10610543191432953 
0.08316931873559952 
0.07219274342060089 
0.10221891105175018 
0.09301181882619858 
0.0927051305770874 
0.10176195204257965 
0.10365980863571167 
0.08361288160085678 
0.0976322814822197 
0.0633675679564476 
0.11267179250717163 
0.10554230213165283 
0.11399700492620468 
0.1425200253725052 
0.09677614271640778 
0.09864868223667145 
0.058554552495479584 
0.12078692018985748 
0.094166599214077 
0.12265899032354355 
0.09306897222995758 
0.11215053498744965 
0.09855840355157852 
0.13080482184886932 
0.1799316257238388 
0.124190554022789 
0.10829019546508789 
0.10469379276037216 
0.10004639625549316 
0.11207792907953262 
0.1169460266828537 
0.1136685460805893 
0.09467845410108566 
0.08773194253444672 
0.1102374792098999 
0.1172395795583725 
0.1825678050518036 
0.1279495656490326 
0.10498727858066559 
0.09028847515583038 
0.09722962975502014 
0.11343307793140411 
0.10807982832193375 
0.1264234483242035 
0.07818259298801422 
0.10340237617492676 
0.13669368624687195 
0.06103328987956047 
0.11059443652629852 
0.10074983537197113 
0.09263944625854492 
0.1637718677520752 
0.08774410933256149 
0.127884179353714 
0.11516349017620087 
0.10501637309789658 
0.10990869998931885 
0.08802156150341034 
0.08523683249950409 
0.09322921931743622 
0.09771396964788437 
0.11462888866662979 
0.09447371959686279 
0.11155618727207184 
0.08408893644809723 
0.09312363713979721 
0.09185153990983963 
0.11098585277795792 
0.09210766106843948 
0.09942788630723953 
0.0960903987288475 
0.10128650814294815 
0.09404893219470978 
0.12701216340065002 
0.07029405236244202 
0.08330981433391571 
0.08183840662240982 
0.09668213874101639 
0.08200198411941528 
0.10775546729564667 
0.12010161578655243 
0.1120140329003334 
0.09761150181293488 
0.09340183436870575 
0.08228852599859238 
0.09555350989103317 
0.12538887560367584 
0.08345024287700653 
0.08178108930587769 
0.06898660212755203 
0.10820877552032471 
0.06910981982946396 
0.14246544241905212 
0.07502037286758423 
0.11060962826013565 
0.08297355473041534 
0.12007077038288116 
0.06558361649513245 
0.1321427822113037 
0.07921287417411804 
0.08599672466516495 
0.06987258046865463 
0.0678175613284111 
0.10173193365335464 
0.08313554525375366 
0.13207338750362396 
0.11756763607263565 
0.08407042920589447 
0.13364693522453308 
0.07603709399700165 
0.11605536937713623 
0.08973514288663864 
0.11445089429616928 
0.09542287886142731 
0.09922996163368225 
0.1049012690782547 
0.09574784338474274 
0.1026059165596962 
0.09283922612667084 
0.08384640514850616 
0.09849728643894196 
0.09806230664253235 
0.10037686675786972 
0.07430560141801834 
0.12224366515874863 
0.06581028550863266 
0.09899865835905075 
0.09076292812824249 
0.1000216156244278 
0.11463145166635513 
0.09438100457191467 
0.07449229806661606 
0.0815841406583786 
0.08512045443058014 
0.11153016239404678 
0.08126841485500336 
0.0795760378241539 
0.09417424350976944 
0.07776649296283722 
0.0967516377568245 
0.07137411832809448 
0.0817553848028183 
0.08660735189914703 
0.06772579252719879 
0.08153022825717926 
0.07293184846639633 
0.0806170254945755 
0.0667414590716362 
0.11579252779483795 
0.08081313967704773 
0.0941196084022522 
0.2290639579296112 
0.08091360330581665 
0.07976937294006348 
0.06945471465587616 
0.06611048430204391 
0.11296255886554718 
0.11482429504394531 
0.08499569445848465 
0.08411994576454163 
0.09098847210407257 
0.1079847440123558 
0.07523557543754578 
0.07213173061609268 
0.08909817039966583 
0.06520034372806549 
0.09343688189983368 
0.11764462292194366 
0.11291204392910004 
0.08909541368484497 
0.10071341693401337 
0.08737724274396896 
0.08828433603048325 
0.08843044936656952 
0.07758154720067978 
0.09372730553150177 
0.11045320332050323 
0.07647586613893509 
0.11448643356561661 
0.08225996792316437 
0.09658154100179672 
0.07013770192861557 
0.0992642417550087 
0.07366913557052612 
0.09664686024188995 
0.06919623911380768 
0.10915100574493408 
0.07869154214859009 
0.11026179790496826 
0.07783423364162445 
0.09635661542415619 
0.09892220795154572 
0.07827084511518478 
0.061664946377277374 
0.11780600249767303 
0.09410746395587921 
0.09687808901071548 
0.06050992012023926 
0.07972928881645203 
0.09699977934360504 
0.09801976382732391 
0.10185996443033218 
0.08448837697505951 
0.07700350880622864 
0.08440566807985306 
0.0840606540441513 
0.10317714512348175 
0.07348384708166122 
0.05950135737657547 
0.11416344344615936 
0.07917986810207367 
0.1382918804883957 
0.08057548105716705 
0.09305546432733536 
0.07047746330499649 
0.09269218146800995 
0.07558862119913101 
0.11447934806346893 
0.10159666836261749 
0.0974341332912445 
0.07705254852771759 
0.06269820779561996 
0.0786556601524353 
0.06887780129909515 
0.09465408325195312 
0.10261984914541245 
0.07213789224624634 
0.1061713919043541 
0.08612113445997238 
0.04346064105629921 
0.1207108274102211 
0.05334773659706116 
0.12156057357788086 
0.07696672528982162 
0.08426955342292786 
0.08808376640081406 
0.10901723802089691 
0.08652056753635406 
0.08159250020980835 
0.0816359668970108 
0.10318838059902191 
0.07889677584171295 
0.12327025085687637 
0.08131425082683563 
0.13557592034339905 
0.086191326379776 
0.11190058290958405 
0.0716724693775177 
0.0943000465631485 
0.09608177095651627 
0.06464055180549622 
0.13245348632335663 
0.05871330574154854 
0.09311036765575409 
0.07365777343511581 
0.0947207361459732 
0.10113529115915298 
0.0723591297864914 
0.133397176861763 
0.07578979432582855 
0.09948448836803436 
0.08365263044834137 
0.0946197509765625 
0.059243105351924896 
0.1100328341126442 
0.09441504627466202 
0.08370288461446762 
0.07826879620552063 
0.12182720750570297 
0.07838961482048035 
0.12216298282146454 
0.08603210747241974 
0.11773159354925156 
0.07792608439922333 
0.11856808513402939 
0.09701761603355408 
0.07479444146156311 
0.08584941923618317 
0.09811221063137054 
0.17226693034172058 
0.10546477138996124 
0.11115612834692001 
0.11162072420120239 
0.12960584461688995 
0.12622764706611633 
0.09626954793930054 
0.07632642239332199 
0.08793400228023529 
0.07811281830072403 
0.10665576159954071 
0.06975440680980682 
0.08348865807056427 
0.10237894207239151 
0.10738980770111084 
0.10918160527944565 
0.10297401994466782 
0.08504710346460342 
0.10833141952753067 
0.08080559968948364 
0.06842374056577682 
0.0818810760974884 
0.07293595373630524 
0.12318454682826996 
0.09618429839611053 
0.09174055606126785 
0.11084510385990143 
0.10319207608699799 
0.059243094176054 
0.06256414949893951 
0.11106415092945099 
0.0863550454378128 
0.07825954258441925 
0.0897957906126976 
0.0782473087310791 
0.07110132277011871 
0.11369705200195312 
0.06883133202791214 
0.11564169824123383 
0.08334509283304214 
0.09090330451726913 
0.10612602531909943 
0.10433902591466904 
0.1180562749505043 
0.10644346475601196 
0.07211431860923767 
0.055948853492736816 
0.09471063315868378 
0.0863693356513977 
0.08746872842311859 
0.09217636287212372 
0.09526924043893814 
0.047977425158023834 
0.07787338644266129 
0.10724145174026489 
0.07758648693561554 
0.07837949693202972 
0.0912497490644455 
0.07277723401784897 
0.09241971373558044 
0.06979580223560333 
0.1088085025548935 
0.07401853054761887 
0.12023808807134628 
0.10112861543893814 
0.0866636112332344 
0.10901717841625214 
0.06616313010454178 
0.07058016955852509 
0.09757303446531296 
0.09268321096897125 
0.09427054971456528 
0.08707530051469803 
0.12355874478816986 
0.08461680263280869 
0.07697957754135132 
0.04060136526823044 
0.15210404992103577 
0.07680897414684296 
0.1257680207490921 
0.06846489757299423 
0.11084115505218506 
0.09959898144006729 
0.08726214617490768 
0.11584514379501343 
0.07463294267654419 
0.1134837418794632 
0.06987443566322327 
0.09237998723983765 
0.0804366022348404 
0.10089683532714844 
0.09001040458679199 
0.06728997826576233 
0.11476971954107285 
0.09446155279874802 
0.09993889927864075 
0.11602971702814102 
0.1030811071395874 
0.09977991878986359 
0.08173340559005737 
0.09643767029047012 
0.11474542319774628 
0.07167814671993256 
0.10223035514354706 
0.08599717915058136 
0.12077261507511139 
0.10004778951406479 
0.1193968877196312 
0.09547226130962372 
0.10154217481613159 
0.10357065498828888 
0.11521521955728531 
0.08188164979219437 
0.10467646270990372 
0.072596475481987 
0.10608130693435669 
0.09424503147602081 
0.08817056566476822 
0.10000894963741302 
0.08193448185920715 
0.07272731512784958 
0.08772329241037369 
0.11770584434270859 
0.083659827709198 
0.11510614305734634 
0.11142820119857788 
0.07355018705129623 
0.11649098247289658 
0.09855873137712479 
0.11763820797204971 
0.06957139819860458 
0.07124685496091843 
0.07983269542455673 
0.07889986038208008 
0.09890510141849518 
0.08886313438415527 
0.0947948545217514 
0.09210369735956192 
0.058074235916137695 
0.09225950390100479 
0.07758329808712006 
0.09347791969776154 
0.09593706578016281 
0.08439154922962189 
0.0832560807466507 
0.0803469568490982 
0.09073062986135483 
0.06248122453689575 
0.08106060326099396 
0.07501602172851562 
0.07171950489282608 
0.06769583374261856 
0.10059891641139984 
0.10088787972927094 
0.08081381022930145 
0.07408713549375534 
0.06949573755264282 
0.0813233032822609 
0.1186385378241539 
0.10338566452264786 
0.09842994809150696 
0.07262490689754486 
0.07545553147792816 
0.08924549072980881 
0.09662249684333801 
0.06635536253452301 
0.0809236541390419 
0.10941620171070099 
0.0815441682934761 
0.07299648225307465 
0.08420535176992416 
0.06350881606340408 
0.09810934960842133 
0.07995877414941788 
0.07288751006126404 
0.0802016630768776 
0.08065353333950043 
0.07229842990636826 
0.11924909055233002 
0.09008387476205826 
0.06862901151180267 
0.09475652128458023 
0.08048029243946075 
0.06657013297080994 
0.09386934340000153 
0.07427822798490524 
0.08602246642112732 
0.06334948539733887 
0.10899786651134491 
0.0917501449584961 
0.07864902913570404 
0.07487574964761734 
0.09269190579652786 
0.17796091735363007 
0.05815187841653824 
0.08800650388002396 
0.0630417913198471 
0.1434936821460724 
0.10455423593521118 
0.05602237582206726 
0.08334718644618988 
0.08645462244749069 
0.1037929430603981 
0.09676869958639145 
0.10622178018093109 
0.08534222096204758 
0.0851825699210167 
0.07384614646434784 
0.06504104286432266 
0.08129538595676422 
0.07573198527097702 
0.08547447621822357 
0.05586282163858414 
0.07647527754306793 
0.11067087948322296 
0.08413545042276382 
0.07206054031848907 
0.10236312448978424 
0.0585542730987072 
0.1245572566986084 
0.07700507342815399 
0.05428827926516533 
0.0935017317533493 
0.05593302100896835 
0.09656330198049545 
0.08489858359098434 
0.06768877059221268 
0.0981508195400238 
0.07897063344717026 
0.1090940609574318 
0.10007486492395401 
0.08181120455265045 
0.07836924493312836 
0.0600941963493824 
0.07691561430692673 
0.09247957170009613 
0.095600426197052 
0.09550298005342484 
0.08709843456745148 
0.07779110968112946 
0.09034153074026108 
0.08033214509487152 
0.09437380731105804 
0.056407343596220016 
0.09534434974193573 
0.08082477748394012 
0.08985401690006256 
0.08501945436000824 
0.08386348187923431 
0.057671643793582916 
0.08621656149625778 
0.08389529585838318 
0.11263270676136017 
0.06039216369390488 
0.06560595333576202 
0.06747515499591827 
0.054399795830249786 
0.05569536238908768 
0.07566151022911072 
0.06185002997517586 
0.07232584059238434 
0.06994742900133133 
0.04658656194806099 
0.09537350386381149 
0.10438098758459091 
0.07111489772796631 
0.11432391405105591 
0.06219104677438736 
0.11325140297412872 
0.07281854003667831 
0.0741201788187027 
0.08319764584302902 
0.0846504420042038 
0.06564605236053467 
0.10387444496154785 
0.10849245637655258 
0.10232621431350708 
0.07860539853572845 
0.09739762544631958 
0.07858695089817047 
0.10016979277133942 
0.09399775415658951 
0.07425297051668167 
0.06733329594135284 
0.08127302676439285 
0.10518286377191544 
0.0794035866856575 
0.09147472679615021 
0.076606884598732 
0.092559315264225 
0.07476125657558441 
0.10424033552408218 
0.058276522904634476 
0.0903441458940506 
0.06253191828727722 
0.14913105964660645 
0.052785761654376984 
0.08555583655834198 
0.0694710984826088 
0.08952952921390533 
0.05209115892648697 
0.11603975296020508 
0.07689271867275238 
0.06365170329809189 
0.11727406084537506 
0.11750533431768417 
0.06645090878009796 
0.10030077397823334 
0.10431212186813354 
0.08179072290658951 
0.09070974588394165 
0.06399573385715485 
0.12947405874729156 
0.05239797383546829 
0.11081397533416748 
0.07428226619958878 
0.09247887134552002 
0.0890190377831459 
0.09320644289255142 
0.08121278136968613 
0.07605622708797455 
0.0674433559179306 
0.06936324387788773 
0.08947376906871796 
0.07083950936794281 
0.11245691776275635 
0.0745907872915268 
0.08988779038190842 
0.08661990612745285 
0.08794691413640976 
0.059569962322711945 
0.10935797542333603 
0.08585264533758163 
0.06762976944446564 
0.09181012958288193 
0.08421643823385239 
0.09887447208166122 
0.1277189701795578 
0.09736671298742294 
0.08682382106781006 
0.12582913041114807 
0.07995101809501648 
0.09582710266113281 
0.08057703077793121 
0.1207190752029419 
0.05500864237546921 
0.06874566525220871 
0.081244558095932 
0.08909618854522705 
0.0899985283613205 
0.07076556980609894 
0.08535676449537277 
0.080877386033535 
0.08070094883441925 
0.07480446249246597 
0.10887251794338226 
0.07940743118524551 
0.0927191749215126 
0.07659494876861572 
0.10008604824542999 
0.09279809147119522 
0.09390127658843994 
0.07323797047138214 
0.06012557074427605 
0.055899977684020996 
0.07652135193347931 
0.06721512973308563 
0.08525557816028595 
0.1515098512172699 
0.08138099312782288 
0.07747703045606613 
0.07082219421863556 
0.06814277172088623 
0.1040337085723877 
0.0812688022851944 
0.056400198489427567 
0.0697983056306839 
0.05932018905878067 
0.08738307654857635 
0.07950989902019501 
0.10564150661230087 
0.056232552975416183 
0.09026024490594864 
0.06067390367388725 
0.08459649980068207 
0.07908117771148682 
0.11005154997110367 
0.10194883495569229 
0.053792934864759445 
0.06844731420278549 
0.08302956074476242 
0.04786292836070061 
0.07883451879024506 
0.06818773597478867 
0.0713808462023735 
0.05147305876016617 
0.07087939977645874 
0.058946747332811356 
0.12472347915172577 
0.07694727182388306 
0.11714804172515869 
0.07403388619422913 
0.08017198741436005 
0.11702358722686768 
0.04908065125346184 
0.06271572411060333 
0.06835023313760757 
0.08671723306179047 
0.05721045285463333 
0.09375755488872528 
0.06659726053476334 
0.07706715911626816 
0.04783301800489426 
0.10013876110315323 
0.060235120356082916 
0.10237793624401093 
0.05888235569000244 
0.10074225813150406 
0.06869707256555557 
0.0657559484243393 
0.06821082532405853 
0.0784154087305069 
0.08388285338878632 
0.08581173419952393 
0.07487847656011581 
0.06142013147473335 
0.06795676052570343 
0.07275441288948059 
0.07589615136384964 
0.07010713964700699 
0.05282870680093765 
0.10260280221700668 
0.07860426604747772 
0.06780152767896652 
0.1016913503408432 
0.07421975582838058 
0.09848672151565552 
0.06330060958862305 
0.09444346278905869 
0.09919228404760361 
0.09007225930690765 
0.09341771900653839 
0.07804999500513077 
0.057253457605838776 
0.07621309161186218 
0.09023938328027725 
0.04010266438126564 
0.0940595343708992 
0.07446708530187607 
0.11375106871128082 
0.11144987493753433 
0.07870540767908096 
0.08780495822429657 
0.10215418040752411 
0.11761997640132904 
0.09153629094362259 
0.08862555027008057 
0.09181415289640427 
0.0824243426322937 
0.08231087028980255 
0.1629287451505661 
0.07121948152780533 
0.06773017346858978 
0.09820644557476044 
0.08243758976459503 
0.08806122094392776 
0.08472061157226562 
0.07646834850311279 
0.08203871548175812 
0.11827047169208527 
0.09711393713951111 
0.05288810655474663 
0.08165241777896881 
0.09659041464328766 
0.05742139369249344 
0.0567481704056263 
0.05404184013605118 
0.0516778826713562 
0.12477743625640869 
0.0537576898932457 
0.08770586550235748 
0.059591710567474365 
0.08496321737766266 
0.05863591283559799 
0.09439674019813538 
0.08548795431852341 
0.07347539812326431 
0.18094880878925323 
0.08110275119543076 
0.05692346766591072 
0.06501814723014832 
0.08017732948064804 
0.08951885998249054 
0.06906004995107651 
0.08735638856887817 
0.07757576555013657 
0.06438654661178589 
0.04897173494100571 
0.06556101888418198 
0.1232369914650917 
0.06399579346179962 
0.08330760896205902 
0.1750299036502838 
0.0733443945646286 
0.04668392986059189 
0.10014672577381134 
0.07678752392530441 
0.06593923270702362 
0.0689486712217331 
0.07242781668901443 
0.16232548654079437 
0.09177086502313614 
0.10126696527004242 
0.07047481834888458 
0.10179533809423447 
0.07831551879644394 
0.0658058300614357 
0.06316772848367691 
0.06724228709936142 
0.08982019871473312 
0.05492434650659561 
0.09024500846862793 
0.0528639480471611 
0.06261436641216278 
0.05907468870282173 
0.10381980985403061 
0.08786527067422867 
0.08733142912387848 
0.04627223685383797 
0.1210121363401413 
0.06007570028305054 
0.10594407469034195 
0.059417545795440674 
0.0691995769739151 
0.09111553430557251 
0.0988600105047226 
0.05760161951184273 
0.07106973230838776 
0.06851505488157272 
0.05525503680109978 
0.0746845155954361 
0.07799534499645233 
0.09200726449489594 
0.06141279265284538 
0.05711428076028824 
0.05931692570447922 
0.07408871501684189 
0.0934702530503273 
0.07075101137161255 
0.08232387155294418 
0.0936826765537262 
0.08304333686828613 
0.07157644629478455 
0.07210449874401093 
0.0718642994761467 
0.08621692657470703 
0.057652898132801056 
0.09122217446565628 
0.06954436004161835 
0.10337837040424347 
0.05830807611346245 
0.09452009946107864 
0.10696443170309067 
0.08274148404598236 
0.07026193290948868 
0.07180086523294449 
0.11768676340579987 
0.0679142102599144 
0.08359657227993011 
0.08695042133331299 
0.05493748188018799 
0.09289858490228653 
0.09149934351444244 
0.09802833199501038 
0.069795623421669 
0.0759405791759491 
0.09832733869552612 
0.0924307107925415 
0.07383943349123001 
0.09045463800430298 
0.061788637191057205 
0.10762307792901993 
0.06855893135070801 
0.07766915112733841 
0.09533978253602982 
0.07503579556941986 
0.10690955072641373 
0.06626135110855103 
0.1032010167837143 
0.07898260653018951 
0.08221758902072906 
0.09025624394416809 
0.07071298360824585 
0.0939064770936966 
0.0719509944319725 
0.0690479427576065 
0.04419182986021042 
0.0759575217962265 
0.08728282898664474 
0.05203738063573837 
0.08134515583515167 
0.06903190910816193 
0.06262381374835968 
0.10910012573003769 
0.0670434981584549 
0.10774476826190948 
0.05373215675354004 
0.1080731526017189 
0.058067090809345245 
0.09867878258228302 
0.057450324296951294 
0.08455205708742142 
0.13135021924972534 
0.08467411994934082 
0.07959102094173431 
0.06628192961215973 
0.07597531378269196 
0.06630520522594452 
0.07258467376232147 
0.06370694935321808 
0.08278212696313858 
0.06795009225606918 
0.08197357505559921 
0.08586730808019638 
0.07198787480592728 
0.07608117163181305 
0.06040068715810776 
0.17875738441944122 
0.04561680182814598 
0.09284521639347076 
0.06441285461187363 
0.04900907725095749 
0.07097972929477692 
0.07965646684169769 
0.05560365319252014 
0.09584945440292358 
0.053364384919404984 
0.06315919011831284 
0.06412990391254425 
0.055747609585523605 
0.05856647342443466 
0.07449547201395035 
0.049299634993076324 
0.08881457149982452 
0.055141888558864594 
0.0792422816157341 
0.0619756355881691 
0.08635233342647552 
0.0668444111943245 
0.22172877192497253 
0.07881923764944077 
0.08423590660095215 
0.06152557581663132 
0.09916773438453674 
0.0552809052169323 
0.0741240605711937 
0.07464264333248138 
0.06796830892562866 
0.048329759389162064 
0.05280972644686699 
0.1214693933725357 
0.06815330684185028 
0.09988630563020706 
0.10962776094675064 
0.07788251340389252 
0.08493997156620026 
0.05169309303164482 
0.04410652071237564 
0.06394930183887482 
0.08513124287128448 
0.07878817617893219 
0.07974059879779816 
0.12750358879566193 
0.06680256128311157 
0.10901447385549545 
0.09317798912525177 
0.09086451679468155 
0.08725201338529587 
0.08680516481399536 
0.08098755776882172 
0.09583981335163116 
0.11939338594675064 
0.06776152551174164 
0.056123413145542145 
0.0562485046684742 
0.06554558128118515 
0.07231911271810532 
0.046545423567295074 
0.07890509068965912 
0.09169655293226242 
0.07860738039016724 
0.08086876571178436 
0.08261485397815704 
0.06202487275004387 
0.06431283056735992 
0.08359289914369583 
0.0978301465511322 
0.08550495654344559 
0.08895207196474075 
0.0906970351934433 
0.07281453907489777 
0.07222296297550201 
0.08653993904590607 
0.07394440472126007 
0.06909924745559692 
0.0639045238494873 
0.11332722008228302 
0.10851657390594482 
0.08290250599384308 
0.0670897588133812 
0.08240105956792831 
0.062240444123744965 
0.10406070947647095 
0.07863559573888779 
0.07085083425045013 
0.08512008935213089 
0.12237963825464249 
0.07633031904697418 
0.06471288204193115 
0.14113523066043854 
0.08483906090259552 
0.10810625553131104 
0.08496997505426407 
0.10484988987445831 
0.06444299221038818 
0.11052709817886353 
0.08441963791847229 
0.08776235580444336 
0.10220823436975479 
0.08572874218225479 
0.05835361033678055 
0.12146957963705063 
0.07539525628089905 
0.13364998996257782 
0.08489274978637695 
0.07093219459056854 
0.07303063571453094 
0.0900242030620575 
0.08393130451440811 
0.09260490536689758 
0.09809231013059616 
0.05819571763277054 
0.08459274470806122 
0.1391664445400238 
0.15954110026359558 
0.07114653289318085 
0.09510894119739532 
0.11330927908420563 
0.07975085824728012 
0.09140003472566605 
0.07745285332202911 
0.0843401551246643 
0.05267941206693649 
0.10919767618179321 
0.07597017288208008 
0.10784025490283966 
0.06769728660583496 
0.07978016138076782 
0.07974892109632492 
0.13471738994121552 
0.08310700207948685 
0.07436282932758331 
0.059067826718091965 
0.10662446171045303 
0.06599393486976624 
0.09782297909259796 
0.11136619746685028 
0.13316282629966736 
0.08342248946428299 
0.06646157801151276 
0.09331156313419342 
0.1390131264925003 
0.11592786014080048 
0.06918924301862717 
0.08006340265274048 
0.09798101335763931 
0.10462365299463272 
0.07300451397895813 
0.06799951940774918 
0.05145298317074776 
0.13402581214904785 
0.07113533467054367 
0.07947394996881485 
0.08883192390203476 
0.11970160156488419 
0.09483756870031357 
0.10296677052974701 
0.10134226083755493 
0.10562040656805038 
0.10784469544887543 
0.09236349910497665 
0.08934365212917328 
0.07631302624940872 
0.07314449548721313 
0.07100024819374084 
0.14389708638191223 
0.06802882999181747 
0.13562792539596558 
0.09010268747806549 
0.09431038796901703 
0.07795095443725586 
0.0825837105512619 
0.07914316654205322 
0.08684855699539185 
0.09946316480636597 
0.1452513188123703 
0.10197281837463379 
0.09911581873893738 
0.16656310856342316 
0.0811275839805603 
0.13004763424396515 
0.09356510639190674 
0.08741352707147598 
0.08593650907278061 
0.1058938130736351 
0.07805746793746948 
0.17459824681282043 
0.08895814418792725 
0.10865191370248795 
0.09038219600915909 
0.08663669973611832 
0.07130824029445648 
0.06982772052288055 
0.09501482546329498 
0.09684435278177261 
0.07922296226024628 
0.07628551870584488 
0.0567048005759716 
0.0828336849808693 
0.07692493498325348 
0.07225768268108368 
0.07606376707553864 
0.10214640200138092 
0.07955686748027802 
0.08288158476352692 
0.04512280970811844 
0.07605569064617157 
0.09345290809869766 
0.09756757318973541 
0.08323197066783905 
0.08248128741979599 
0.08620312064886093 
0.09669190645217896 
0.07165191322565079 
0.07637576758861542 
0.09425114095211029 
0.0814407467842102 
0.07186657190322876 
0.07990173250436783 
0.09981037676334381 
0.08311223238706589 
0.08931238949298859 
0.0930541455745697 
0.0610782727599144 
0.07117332518100739 
0.06719963997602463 
0.08432416617870331 
0.08453051745891571 
0.06487132608890533 
0.06417395174503326 
0.07192237675189972 
0.07116229087114334 
0.08806601166725159 
0.09242958575487137 
0.12576863169670105 
0.1100020557641983 
0.06105871871113777 
0.053518302738666534 
0.10910657793283463 
0.09096559137105942 
0.0834893137216568 
0.07674722373485565 
0.1011342853307724 
0.06629206240177155 
0.10762041807174683 
0.06437920033931732 
0.1394462287425995 
0.1073462963104248 
0.0793396458029747 
0.1061529740691185 
0.07209588587284088 
0.07950716465711594 
0.08129726350307465 
0.08164443075656891 
0.08510403335094452 
0.07580403983592987 
0.12958481907844543 
0.09730640798807144 
0.08649739623069763 
0.06946562230587006 
0.08409778028726578 
0.0689464583992958 
0.10364343971014023 
0.08445734530687332 
0.1189989298582077 
0.035124700516462326 
0.0852566510438919 
0.1109522357583046 
0.08992385119199753 
0.05684158205986023 
0.09724479913711548 
0.06823399662971497 
0.05086146667599678 
0.09226541221141815 
0.08063628524541855 
0.07501468062400818 
0.08235292136669159 
0.07810114324092865 
0.09196467697620392 
0.09005282819271088 
0.08331803232431412 
0.08203010261058807 
0.06454803049564362 
0.0837915688753128 
0.07095728814601898 
0.13247977197170258 
0.0697753056883812 
0.06099182367324829 
0.08894366025924683 
0.09851568192243576 
0.0585215762257576 
0.0859222263097763 
0.06205859035253525 
0.08746118098497391 
0.07768271863460541 
0.10146884620189667 
0.05635692924261093 
0.06760262697935104 
0.10194166749715805 
0.09142142534255981 
0.09835387766361237 
0.06806613504886627 
0.07855566591024399 
0.06865274161100388 
0.11192111670970917 
0.07183840125799179 
0.04479939863085747 
0.08823704719543457 
0.0763912945985794 
0.06636728346347809 
0.08223650604486465 
0.040723998099565506 
0.09546980261802673 
0.0943019837141037 
0.06507348269224167 
0.08530086278915405 
0.09607784450054169 
0.08801698684692383 
0.08338753879070282 
0.08701606839895248 
0.09893376380205154 
0.04836629703640938 
0.06855998188257217 
0.06302422285079956 
0.102749764919281 
0.0514855794608593 
0.0782509446144104 
0.0851350948214531 
0.10726569592952728 
0.06820444017648697 
0.07879830151796341 
0.08347953855991364 
0.06663210690021515 
0.07484272122383118 
0.07972835004329681 
0.08563472330570221 
0.06184105947613716 
0.06514398008584976 
0.07199181616306305 
0.11650488525629044 
0.09410154074430466 
0.057685792446136475 
0.06348107755184174 
0.07157877832651138 
0.10241369158029556 
0.08183971792459488 
0.09752748906612396 
0.0914095863699913 
0.08583848923444748 
0.09880231320858002 
0.0834914892911911 
0.12844443321228027 
0.07719619572162628 
0.08236406743526459 
0.08367408812046051 
0.11663558334112167 
0.05661790445446968 
0.11736728250980377 
0.06920838356018066 
0.11037905514240265 
0.08020977675914764 
0.08619911968708038 
0.06848420947790146 
0.14260385930538177 
0.07431615889072418 
0.10802219808101654 
0.1112051010131836 
0.08727096766233444 
0.10156172513961792 
0.12439260631799698 
0.07542760670185089 
0.07219454646110535 
0.05952049419283867 
0.06887494772672653 
0.0547076053917408 
0.0459013506770134 
0.07027716934680939 
0.10242857038974762 
0.09836871922016144 
0.053490977734327316 
0.12223956733942032 
0.07757924497127533 
0.0902298241853714 
0.08003683388233185 
0.051848508417606354 
0.08754228055477142 
0.10023325681686401 
0.10583700984716415 
0.06792625039815903 
0.054666668176651 
0.08463793992996216 
0.08871476352214813 
0.09764504432678223 
0.10145697742700577 
0.07145582139492035 
0.05056598037481308 
0.06444323807954788 
0.10983816534280777 
0.06001244857907295 
0.08181704580783844 
0.06098984554409981 
0.1222100704908371 
0.08584391325712204 
0.09159501641988754 
0.08493001759052277 
0.0688147321343422 
0.08239457756280899 
0.06515820324420929 
0.061417482793331146 
0.07920091599225998 
0.08013714849948883 
0.0809045359492302 
0.061990462243556976 
0.09291495382785797 
0.07049592584371567 
0.09763526916503906 
0.08442531526088715 
0.08252973109483719 
0.1288381963968277 
0.09275545179843903 
0.09138686209917068 
0.07930383831262589 
0.07134363055229187 
0.10969507694244385 
0.08392447978258133 
0.10995868593454361 
0.08459578454494476 
0.06087024137377739 
0.08280317485332489 
0.09415321052074432 
0.09239455312490463 
0.10988590866327286 
0.12222535908222198 
0.07177908718585968 
0.12740910053253174 
0.091585174202919 
0.09971678256988525 
0.095314621925354 
0.09977474063634872 
0.10247901827096939 
0.09599661827087402 
0.07668505609035492 
0.13278427720069885 
0.07725764811038971 
0.09692366421222687 
0.10958518087863922 
0.10862071812152863 
0.09090838581323624 
0.10267528146505356 
0.11664607375860214 
0.08583322167396545 
0.08322843909263611 
0.08414691686630249 
0.06331682205200195 
0.08580585569143295 
0.0931866243481636 
0.09645869582891464 
0.09634740650653839 
0.11739368736743927 
0.07737942785024643 
0.11920046806335449 
0.10105031728744507 
0.07820500433444977 
0.07096168398857117 
0.07947506755590439 
0.06994087249040604 
0.09391991794109344 
0.09413491934537888 
0.08845789730548859 
0.10397563129663467 
0.0931171402335167 
0.10334427654743195 
0.10912009328603745 
0.1019240990281105 
0.08500190824270248 
0.11392001062631607 
0.08739269524812698 
0.0693439245223999 
0.060592323541641235 
0.11021880805492401 
0.07565027475357056 
0.07263664156198502 
0.08940562605857849 
0.06759735196828842 
0.07903406023979187 
0.11775841563940048 
0.05910765007138252 
0.08355934917926788 
0.0842924490571022 
0.11396414041519165 
0.09138797223567963 
0.1224483847618103 
0.08546808362007141 
0.08423276990652084 
0.05506523326039314 
0.11371453106403351 
0.11130760610103607 
0.06321753561496735 
0.0964149758219719 
0.08160959184169769 
0.12091696262359619 
0.06676600873470306 
0.17949040234088898 
0.062055062502622604 
0.1332111358642578 
0.06513271480798721 
0.07638119161128998 
0.11455094814300537 
0.0665849894285202 
0.09469602257013321 
0.06558766961097717 
0.09309996664524078 
0.1297377198934555 
0.04338764399290085 
0.12217462062835693 
0.10722748935222626 
0.07921864092350006 
0.10681895166635513 
0.11617141962051392 
0.09936589747667313 
0.08230890333652496 
0.0629080981016159 
0.11890177428722382 
0.07702435553073883 
0.1237545758485794 
0.1193477064371109 
0.08469364792108536 
0.10822398960590363 
0.07698532938957214 
0.10348278284072876 
0.10364383459091187 
0.06847196072340012 
0.08287025988101959 
0.08213045448064804 
0.057552773505449295 
0.06406383216381073 
0.09597405046224594 
0.07201483845710754 
0.1959647834300995 
0.06136918067932129 
0.14784033596515656 
0.04989463463425636 
0.1891186684370041 
0.09142306447029114 
0.10716770589351654 
0.10311494022607803 
0.11894397437572479 
0.08121731877326965 
0.0961003303527832 
0.08968092501163483 
0.10152163356542587 
0.05317271500825882 
0.10594601929187775 
0.05785335227847099 
0.1105189174413681 
0.07611610740423203 
0.06918859481811523 
0.07656827569007874 
0.07813161611557007 
0.10977485030889511 
0.13886484503746033 
0.11561938375234604 
0.053225088864564896 
0.06415601074695587 
0.06124982237815857 
0.0985489934682846 
0.1303292065858841 
0.08253805339336395 
0.08854655921459198 
0.07348598539829254 
0.10141949355602264 
0.06461189687252045 
0.07055369019508362 
0.08447843790054321 
0.06349924951791763 
0.05109349638223648 
0.12320182472467422 
0.060266993939876556 
0.10808267444372177 
0.06547766178846359 
0.13257905840873718 
0.04630208760499954 
0.07882226258516312 
0.05072317272424698 
0.07469061762094498 
0.06908577680587769 
0.08216837793588638 
0.08900369703769684 
0.06423771381378174 
0.0830477923154831 
0.09300652891397476 
0.08414502441883087 
0.0836162194609642 
0.07902880012989044 
0.08261928707361221 
0.038156475871801376 
0.09260661900043488 
0.06057744100689888 
0.09723208844661713 
0.08110575377941132 
0.11309687793254852 
0.0971233993768692 
0.07776401937007904 
0.08134303987026215 
0.06226389482617378 
0.09714999049901962 
0.06500434875488281 
0.09083659201860428 
0.09380781650543213 
0.08860752731561661 
0.04891711100935936 
0.14833401143550873 
0.07530958950519562 
0.061953019350767136 
0.07278816401958466 
0.09496601670980453 
0.07465913891792297 
0.07194946706295013 
0.0864969938993454 
0.0848352387547493 
0.07067389786243439 
0.08139881491661072 
0.05817261338233948 
0.09757030010223389 
0.07602286338806152 
0.07829689979553223 
0.05199689790606499 
0.08787967264652252 
0.07716620713472366 
0.06344807147979736 
0.07549528777599335 
0.06971938908100128 
0.06881312280893326 
0.06300780177116394 
0.10621471703052521 
0.0756433755159378 
0.10107413679361343 
0.06723857671022415 
0.0810023620724678 
0.0764186903834343 
0.10280930995941162 
0.061595618724823 
0.10606344789266586 
0.07864551991224289 
0.08547161519527435 
0.060579944401979446 
0.06902184337377548 
0.06420545279979706 
0.06764756143093109 
0.05825424939393997 
0.06365799903869629 
0.06707630306482315 
0.08662234246730804 
0.0981169119477272 
0.07341665029525757 
0.07643143087625504 
0.051112063229084015 
0.07127877324819565 
0.07048608362674713 
0.10482321679592133 
0.06182409077882767 
0.08834937959909439 
0.048500970005989075 
0.1166638508439064 
0.06894873082637787 
0.07340724766254425 
0.0655960813164711 
0.04030357301235199 
0.06847437471151352 
0.08387693017721176 
0.08281109482049942 
0.06207913160324097 
0.06237032264471054 
0.0909113883972168 
0.09908032417297363 
0.06897342205047607 
0.0632198303937912 
0.06663879007101059 
0.08038236945867538 
0.06780138611793518 
0.0604061596095562 
0.0744033232331276 
0.0844925194978714 
0.06653022021055222 
0.12086628377437592 
0.06573232263326645 
0.044906895607709885 
0.06202191859483719 
0.11164629459381104 
0.07512237131595612 
0.07587365806102753 
0.056277185678482056 
0.058306485414505005 
0.0777728334069252 
0.038586266338825226 
0.05983886867761612 
0.07720841467380524 
0.08122795075178146 
0.08703114092350006 
0.058918070048093796 
0.07006826996803284 
0.08939564228057861 
0.08187331259250641 
0.07989607751369476 
0.09032799303531647 
0.09060779958963394 
0.09085502475500107 
0.026948517188429832 
0.09287656843662262 
0.10633134841918945 
0.05701785162091255 
0.08274079859256744 
0.06684558093547821 
0.08867184817790985 
0.037868525832891464 
0.0954376757144928 
0.05592229962348938 
0.08030905574560165 
0.03578896448016167 
0.08176562935113907 
0.06238427758216858 
0.04558723047375679 
0.05081387609243393 
0.06344986706972122 
0.06702016294002533 
0.07580755650997162 
0.06606288254261017 
0.07150810211896896 
0.06263961642980576 
0.05902174860239029 
0.1047004833817482 
0.06512007117271423 
0.08196601271629333 
0.052812784910202026 
0.09096161276102066 
0.09608040004968643 
0.11254747956991196 
0.05671287700533867 
0.15158286690711975 
0.06717696785926819 
0.06149329990148544 
0.07186828553676605 
0.1086822897195816 
0.05062110349535942 
0.07957855612039566 
0.08111347258090973 
0.06399144232273102 
0.08189527690410614 
0.08810975402593613 
0.0838467925786972 
0.10622791945934296 
0.0773230567574501 
0.0860821083188057 
0.07055007666349411 
0.07825548946857452 
0.04832328483462334 
0.09327620267868042 
0.08459118753671646 
0.10364051163196564 
0.09742111712694168 
0.095965676009655 
0.12937289476394653 
0.05359691381454468 
0.06598684191703796 
0.0640188679099083 
0.11374835669994354 
0.07576888799667358 
0.05880901217460632 
0.07802194356918335 
0.05048438906669617 
0.07518057525157928 
0.10266165435314178 
0.07188831269741058 
0.05678829550743103 
0.24902024865150452 
0.045441530644893646 
0.09135767072439194 
0.09705803543329239 
0.09512745589017868 
0.06445306539535522 
0.1072472333908081 
0.08915447443723679 
0.08395211398601532 
0.08067099004983902 
0.06337342411279678 
0.06309789419174194 
0.07318834960460663 
0.08450666815042496 
0.05592600628733635 
0.11627094447612762 
0.16243013739585876 
0.05412348359823227 
0.0909603014588356 
0.05297952890396118 
0.05866194888949394 
0.06437341868877411 
0.05701516196131706 
0.08403442054986954 
0.07644392549991608 
0.073094442486763 
0.08795265108346939 
0.06956834346055984 
0.11059832572937012 
0.1177581176161766 
0.06416468322277069 
0.058490388095378876 
0.08658206462860107 
0.06254132837057114 
0.05951880291104317 
0.08688262850046158 
0.07349257171154022 
0.07495070993900299 
0.11306625604629517 
0.07889986783266068 
0.09966184943914413 
0.08173367381095886 
0.08467160910367966 
0.05745765566825867 
0.08102910220623016 
0.08471865952014923 
0.104178786277771 
0.09295240044593811 
0.08496066182851791 
0.05859888717532158 
0.08709049224853516 
0.05257226154208183 
0.11519386619329453 
0.04273289814591408 
0.10659167915582657 
0.0600624606013298 
0.08059398829936981 
0.08508248627185822 
0.08003785461187363 
0.05183198302984238 
0.06460268050432205 
0.07751299440860748 
0.11454661935567856 
0.06404121965169907 
0.07438050210475922 
0.08379357308149338 
0.07194405794143677 
0.08832164108753204 
0.08097628504037857 
0.15902648866176605 
0.10373272746801376 
0.09046377241611481 
0.08592208474874496 
0.0817221850156784 
0.08237369358539581 
0.07793928682804108 
0.08604669570922852 
0.09864935278892517 
0.0689597874879837 
0.09970696270465851 
0.05962337180972099 
0.11038472503423691 
0.09404690563678741 
0.07279441505670547 
0.07890664041042328 
0.04842477664351463 
0.08120174705982208 
0.10648562759160995 
0.09090175479650497 
0.06956309080123901 
0.17784900963306427 
0.05509497597813606 
0.07309205085039139 
0.08004608750343323 
0.07313241809606552 
0.08531332015991211 
0.08708705753087997 
0.0852547287940979 
0.178812175989151 
0.07187671214342117 
0.0570027232170105 
0.07134950160980225 
0.1028229370713234 
0.09507789462804794 
0.06058109924197197 
0.06700573116540909 
0.08181464672088623 
0.08839613199234009 
0.08236511051654816 
0.10156580060720444 
0.0627826452255249 
0.06767219305038452 
0.05458933860063553 
0.08833299577236176 
0.08453603088855743 
0.08114048093557358 
0.05531000345945358 
0.09573432058095932 
0.0588650219142437 
0.07990825921297073 
0.07508455961942673 
0.10439670085906982 
0.10304021835327148 
0.0701923742890358 
0.0989215224981308 
0.058372627943754196 
0.10833914577960968 
0.055822718888521194 
0.0669754147529602 
0.07520128041505814 
0.05078809708356857 
0.10648860782384872 
0.08324930816888809 
0.11877305805683136 
0.07257939875125885 
0.1103537455201149 
0.054486919194459915 
0.11667726188898087 
0.09134922176599503 
0.07857654988765717 
0.08143258094787598 
0.0823177918791771 
0.07898738235235214 
0.08454088866710663 
0.07066082954406738 
0.09403149038553238 
0.07703513652086258 
0.23460432887077332 
0.08722662925720215 
0.09411059319972992 
0.04249574989080429 
0.16519758105278015 
0.10530109703540802 
0.10004571825265884 
0.10784399509429932 
0.06250165402889252 
0.08886459469795227 
0.08860208094120026 
0.06850177049636841 
0.11395631730556488 
0.05923362821340561 
0.08904263377189636 
0.07366658747196198 
0.10443248599767685 
0.06181725114583969 
0.07021480053663254 
0.07227369397878647 
0.084464892745018 
0.055607933551073074 
0.09693505614995956 
0.07535672187805176 
0.05785048007965088 
0.11640455573797226 
0.09621824324131012 
0.0912737101316452 
0.06330104917287827 
0.09858234226703644 
0.09384311735630035 
0.10438661277294159 
0.06848110258579254 
0.072435162961483 
0.0727451741695404 
0.07198237627744675 
0.10067379474639893 
0.0857282504439354 
0.06394080817699432 
0.06733252853155136 
0.062497466802597046 
0.0835048109292984 
0.07003705948591232 
0.10226614773273468 
0.09580856561660767 
0.08983496576547623 
0.07225736230611801 
0.0920896828174591 
0.08103500306606293 
0.0593024380505085 
0.08490034937858582 
0.06115034967660904 
0.07874147593975067 
0.0737919807434082 
0.056515879929065704 
0.10200157016515732 
0.051529984921216965 
0.07747002691030502 
0.05754982307553291 
0.10262571275234222 
0.07658945024013519 
0.061728883534669876 
0.07057202607393265 
0.10906199365854263 
0.05419478565454483 
0.06368237733840942 
0.0610908679664135 
0.06950218975543976 
0.04732143133878708 
0.04992293566465378 
0.041745685040950775 
0.0919594019651413 
0.050838809460401535 
0.0869038850069046 
0.05487615987658501 
0.0704897865653038 
0.05249696224927902 
0.06487374007701874 
0.0556756965816021 
0.14088723063468933 
0.06853103637695312 
0.08199067413806915 
0.06468503177165985 
0.061223290860652924 
0.10323458909988403 
0.05392492935061455 
0.07213295996189117 
0.05987491086125374 
0.05417463183403015 
0.06482584029436111 
0.08079405874013901 
0.06195811554789543 
0.07495872676372528 
0.08377379179000854 
0.0617070309817791 
0.09504574537277222 
0.07035917043685913 
0.05975545197725296 
0.06701540946960449 
0.05923987179994583 
0.04578779265284538 
0.08956605941057205 
0.11324794590473175 
0.09418143332004547 
0.07315533608198166 
0.1035708412528038 
0.0503610260784626 
0.06608074903488159 
0.07099471986293793 
0.06438750773668289 
0.08817170560359955 
0.06822650134563446 
0.056254200637340546 
0.0628364235162735 
0.09930771589279175 
0.06364116817712784 
0.17523029446601868 
0.06716826558113098 
0.09542886167764664 
0.08628971874713898 
0.06696966290473938 
0.0981258675456047 
0.0807100459933281 
0.06840474903583527 
0.08396579325199127 
0.07577618211507797 
0.06719162315130234 
0.07331682741641998 
0.1108512431383133 
0.08614028990268707 
0.08292810618877411 
0.09727554023265839 
0.05903440713882446 
0.05336783081293106 
0.07825503498315811 
0.05637400224804878 
0.11402388662099838 
0.08243711292743683 
0.1324443519115448 
0.09780943393707275 
0.06744846701622009 
0.07313134521245956 
0.09168155491352081 
0.054523587226867676 
0.07095347344875336 
0.08678679913282394 
0.06590651720762253 
0.05223771929740906 
0.09604384005069733 
0.08425229787826538 
0.07816334068775177 
0.04959911108016968 
0.099526546895504 
0.06942134350538254 
0.07672987878322601 
0.08460885286331177 
0.1169128566980362 
0.11650580167770386 
0.07025445997714996 
0.09511462599039078 
0.08361224830150604 
0.07677056640386581 
0.09450682997703552 
